2019
1543
8463
1370
139
2502
1092
8575
1431
1461
181
9825
2545
7461
6460
1251
475
7600
8643
3646
6360
7961
4231
4897
5109
6375
10005
9927
1765
9943
63
2907
2680
9480
5246
4760
2482
8727
2094
7912
9517
1705
9417
9191
2062
7613
2393
3047
2013
638
2462
8576
22
924
6512
2359
7647
8859
4267
6065
3941
7237
6339
1420
8586
4563
6253
8686
6436
3570
4053
9281
2119
9580
8485
1521
7515
2491
4550
15
2244
3154
6852
1745
7443
9412
7790
1797
6694
220
1653
4402
5604
4088
5112
4894
6065
3941
7188
6336
part 1: 6638
6638
6336
7188
3941
6065
4894
5112
4088
5604
4402
1653
220
6694
1797
7790
9412
7443
1745
6852
3154
2244
15
4550
2491
7515
1521
8485
9580
2119
9281
4053
3570
6436
8686
6253
4563
8586
1420
6339
7237
3941
6065
4267
8859
7647
2359
6512
924
22
8576
2462
638
2013
3047
2393
7613
2062
9191
9417
1705
9517
7912
2094
8727
2482
4760
5246
9480
2680
2907
63
9943
1765
9927
10005
6375
5109
4897
4231
7961
6360
3646
8643
7600
475
1251
6460
7461
2545
9825
181
1461
1431
8575
1092
2502
139
1370
8463
1543
part 2: 2019
