0
2
0
2
2
1
0
4
0
2
5
0
3
13
0
3
3
1
12
0
5
10
0
3
7
0
3
3
1
11
0
5
11
3
6
0
5
5
1
10
18
0
6
8
0
3
12
28
0
4
42
0
3
7
29
0
4
7
4
2
50
0
6
20
0
3
13
53
0
4
11
38
0
4
4
1
37
0
5
41
0
3
16
0
3
3
1
11
17
0
6
28
44
0
4
20
32
0
4
4
1
14
0
5
25
0
3
21
0
3
3
1
11
25
9
0
7
59
0
3
9
6
31
0
5
21
18
86
0
5
5
1
20
37
57
0
7
20
5
8
96
0
6
21
18
18
1
15
0
7
13
84
0
4
54
0
3
37
24
0
4
7
12
116
0
5
27
0
3
12
7
9
51
0
6
32
79
0
4
18
34
0
4
4
1
38
114
0
6
14
88
0
4
9
22
0
4
4
1
14
10
161
0
7
33
0
3
38
22
14
10
10
1
14
4
17
127
0
12
49
0
3
15
75
0
4
11
114
41
149
0
6
43
0
3
13
85
0
4
13
4
2
182
0
6
13
6
2
6
2
2
1
39
0
10
43
23
0
4
18
80
0
4
4
1
13
20
129
0
7
66
0
3
38
66
4
12
58
0
7
10
26
0
4
8
145
0
4
4
1
25
177
0
6
45
0
3
24
139
0
4
12
25
12
2
54
151
0
8
24
12
7
32
137
0
7
4
16
235
0
5
155
0
3
27
158
0
4
11
102
0
4
4
1
44
242
0
6
44
4
7
25
39
90
0
8
37
189
0
4
10
70
0
4
4
1
22
148
0
6
22
4
7
22
3
41
137
53
300
0
11
42
321
0
4
13
110
0
4
4
1
25
40
0
6
25
4
7
25
3
25
2
87
0
10
44
57
262
0
5
79
224
0
4
17
189
58
129
140
0
7
23
155
91
0
5
16
99
0
4
16
4
2
31
301
0
7
16
7
2
7
2
2
1
53
67
0
11
67
3
50
380
0
6
59
327
0
4
26
167
0
4
4
1
20
188
0
6
14
245
0
4
9
269
0
4
4
1
14
10
75
247
0
8
128
0
3
37
131
0
4
14
13
107
0
5
70
135
0
4
9
28
400
0
5
9
5
2
65
0
6
43
246
0
4
15
283
0
4
4
1
43
10
43
2
17
111
0
10
6
19
0
4
13
41
159
0
5
31
105
0
4
9
37
56
0
5
9
5
2
25
150
0
7
113
0
3
70
61
0
4
19
31
24
244
0
6
37
24
5
21
417
0
7
20
110
189
161
366
0
7
7
1
62
0
5
16
149
348
0
5
5
1
10
65
86
458
0
8
115
0
3
45
298
0
4
45
4
2
59
155
188
146
0
9
67
167
157
0
5
28
119
0
4
16
38
342
0
5
9
15
115
32
310
0
7
54
321
255
0
5
12
321
5
3
43
122
0
8
50
199
0
4
29
589
0
4
4
1
66
375
0
6
96
513
0
4
9
38
43
24
102
332
0
8
26
217
0
4
12
38
12
2
74
0
7
50
37
120
0
5
47
0
3
49
465
0
4
19
137
323
0
5
12
22
331
0
5
5
1
51
528
0
6
51
4
18
447
0
6
6
1
12
19
25
174
0
8
53
284
0
4
16
108
0
4
4
1
16
6
19
17
216
0
9
77
0
3
54
112
0
4
15
122
107
261
0
6
18
42
378
0
5
54
15
12
43
97
0
7
84
609
0
4
22
70
218
0
5
16
41
246
269
309
0
7
16
7
2
106
0
6
34
602
0
4
22
22
1
61
241
0
7
15
39
452
0
5
29
155
199
160
0
6
22
17
74
133
0
6
6
1
23
401
0
6
5
19
87
426
0
6
6
1
12
69
0
6
5
12
5
2
53
114
606
0
9
102
176
0
4
55
0
3
106
65
261
101
0
6
22
46
0
4
13
331
160
55
16
82
0
8
144
0
3
21
305
0
4
15
76
0
4
4
1
51
171
0
6
29
81
0
4
9
47
203
0
5
57
492
0
4
9
9
1
20
331
41
127
682
0
10
318
0
3
40
523
0
4
17
104
0
4
4
1
20
20
1
3
14
438
0
10
21
58
518
0
5
40
23
117
0
5
5
1
17
26
271
0
7
147
0
3
24
283
438
25
232
0
7
10
28
341
0
5
21
32
334
0
5
5
1
27
638
0
6
87
148
610
0
5
10
21
17
38
304
0
7
28
27
17
7
4
69
158
659
0
10
16
130
0
4
9
99
576
0
5
26
61
209
0
5
5
1
42
255
377
0
7
27
30
0
4
21
41
117
85
780
0
7
11
583
0
4
11
4
2
195
0
6
64
0
3
90
690
0
4
11
13
184
0
5
39
248
0
4
9
54
294
0
5
9
5
2
27
45
459
0
8
197
0
3
29
183
0
4
20
150
526
0
5
18
323
382
0
5
5
1
74
272
0
6
52
0
3
23
156
0
4
23
4
2
38
118
0
7
76
226
0
4
9
49
417
541
0
6
24
163
0
4
10
123
0
4
4
1
38
24
11
81
239
0
9
22
273
0
4
12
298
535
0
5
55
275
0
4
9
14
218
372
0
6
36
0
3
60
0
3
3
1
34
368
0
6
12
27
101
309
384
0
7
65
316
0
4
29
103
0
4
4
1
21
158
188
572
0
8
118
84
418
0
5
50
506
0
4
16
198
0
4
4
1
21
21
1
3
47
312
0
10
89
0
3
7
43
448
0
5
26
211
0
4
21
19
396
0
5
9
81
99
226
123
110
657
0
9
8
50
45
173
0
6
78
0
3
32
279
0
4
27
84
62
668
0
6
13
207
0
4
10
50
23
162
0
6
10
6
2
166
0
6
4
13
17
283
320
0
7
64
238
0
4
10
17
10
2
18
205
0
8
53
448
76
186
0
6
25
340
0
4
18
14
154
0
5
78
63
0
4
9
74
222
0
5
9
5
2
31
755
0
7
43
107
568
0
5
10
42
313
0
5
5
1
128
849
0
6
41
313
10
13
68
0
7
23
83
0
4
39
296
0
4
4
1
21
132
0
6
21
4
7
17
78
57
465
669
0
10
28
380
918
0
5
41
36
222
64
98
0
7
19
157
764
0
5
12
221
0
4
29
214
0
4
4
1
41
22
263
0
7
20
324
0
4
10
37
718
0
5
24
282
0
4
9
99
185
0
5
9
5
2
104
501
0
7
25
129
1009
0
5
10
26
213
0
5
5
1
42
110
206
0
7
17
81
215
0
5
11
319
0
4
38
325
0
4
4
1
20
57
95
0
7
20
5
17
22
69
473
0
8
180
0
3
228
0
3
3
1
21
120
791
0
7
21
5
21
2
66
828
0
8
21
6
135
996
0
6
4
42
61
491
0
6
6
1
27
256
0
6
5
25
85
485
0
6
6
1
12
132
163
402
0
8
32
278
0
4
29
138
0
4
4
1
16
337
0
6
21
46
677
0
5
32
19
163
25
35
0
7
66
62
299
0
5
12
37
150
479
0
6
23
216
819
0
5
11
118
379
0
5
5
1
39
224
1162
0
7
28
209
569
0
5
11
17
119
963
0
6
28
11
7
14
290
0
7
4
64
220
0
5
18
300
1223
0
5
5
1
35
61
109
0
7
17
29
86
1019
0
6
30
598
0
4
26
191
0
4
4
1
21
91
1206
0
7
21
5
29
22
171
751
0
8
118
75
1162
69
178
0
7
15
769
0
4
25
107
331
748
0
6
40
720
0
4
10
232
706
0
5
32
125
0
4
9
253
0
4
4
1
49
566
0
6
23
121
0
4
9
14
95
228
215
245
1221
0
9
8
54
638
723
0
6
19
157
320
427
0
6
6
1
31
391
0
6
5
46
175
0
5
4
33
1504
0
5
5
1
16
191
102
879
0
8
35
123
500
0
5
12
181
0
4
21
106
886
0
5
9
51
860
0
5
5
1
27
246
971
0
7
108
1023
0
4
21
21
1
12
28
176
917
0
9
24
360
0
4
13
433
0
4
4
1
16
55
638
85
271
836
0
10
124
0
3
313
452
986
0
5
45
557
0
4
21
38
349
0
5
9
36
431
0
5
5
1
32
144
940
0
7
60
661
0
4
21
21
1
12
60
8
96
1163
0
10
43
509
0
4
14
148
858
0
5
29
204
0
4
9
39
272
756
0
6
137
1150
0
4
10
24
85
73
0
6
10
6
2
375
1202
0
7
50
606
1023
111
1343
0
7
7
1
52
783
0
6
18
279
634
0
5
45
89
675
0
5
5
1
16
112
1143
0
7
22
260
0
4
47
694
0
4
4
1
15
258
0
6
31
202
0
4
9
71
0
4
4
1
14
86
307
0
7
29
86
5
38
128
596
0
8
107
280
0
4
18
58
1004
0
5
14
22
47
44
1540
0
7
24
95
263
554
0
6
45
71
41
562
0
6
6
1
43
133
1147
0
7
19
268
0
4
35
242
1628
0
5
35
5
2
118
339
0
7
16
93
0
4
16
4
2
11
402
472
0
8
63
690
953
0
5
22
58
64
407
0
6
45
52
133
45
3
222
637
0
9
101
850
0
4
30
402
29
97
1256
0
7
43
part 1: 43
part 2: 52822
